200 750
250 750
300 750
0 750
440 390
523 390
440 195
440 195
587 390
440 195
392 390
440 390
659 195
440 195
440 390
698 390
659 390
523 195
440 390
659 390
880 195
440 390
392 195
392 390
330 195
494 390
440 195
0 390
440 390
523 390
440 195
440 195
587 390
440 195
392 390
440 390
659 195
440 195
440 390
698 390
659 390
523 195
440 390
659 390
880 195
440 390
392 195
392 390
330 195
494 390
440 195
0 390
1000 400
1000 400
440 390
523 390
440 195
440 195
587 390
440 195
392 390
440 390
659 195
440 195
440 390
698 390
659 390
523 195
440 390
659 390
880 195
440 390
392 195
392 390
330 195
494 390
440 195
0 390
1000 400
1000 400
440 390
523 390
440 195
440 195
587 390
440 195
392 390
440 390
659 195
440 195
440 390
698 390
659 390
523 195
440 390
659 390
880 195
440 390
392 195
392 390
330 195
494 390
440 390
587 260
587 195
550 195
587 260
550 195
630 390
